00401936310005162810
00401936310005162827
00401936310005162834
00401936310005162841
00401936310005162858
00401936310005162865
00401936310005162872
00401936310005162889
00401936310005162896
00401936310005162902
00401936310005162919
00401936310005162926
00401936310005162933
00401936310005162940
00401936310005162957
00401936310005162964
00401936310005162971
00401936310005162988
00401936310005162995
00401936310005163008
00401936310005163015
00401936310005163022
00401936310005163039
00401936310005163053
00401936310005163053
00401936310005163060
00401936310005163077
00401936310005163084
00401936310005163091
00401936310005163107
00401936310005163114
00401936310005163121
00401936310005163138
00401936310005163145
00401936310005163152
00401936310005163169
00401936310005163176
00401936310005163183
00401936310005163190
00401936310005163206
00401936310005163213
00401936310005163220
00401936310005163237
00401936310005163244
00401936310005163251
00401936310005163268
00401936310005163275
00401936310005163282
00401936310005163299
00401936310005163305
00401936310005163312
00401936310005163329
00401936310005163343
00401936310005163343
00401936310005163343
00401936310005163367
00401936310005163374
00401936310005163381
00401936310005163398
00401936310005163404
00401936310005163411
00401936310005163428
00401936310005163435
00401936310005163442
00401936310005163459
00401936310005163466
00401936310005163473
00401936310005163480
00401936310005163497
00401936310005163503
00401936310005163510
00401936310005163527
00401936310005163534
00401936310005163541
00401936310005163558
00401936310005163565
00401936310005163572
00401936310005163589
00401936310005163596
00401936310005163602
00401936310005163619
00401936310005163626
00401936310005163633
00401936310005163640
00401936310005163657
00401936310005163664
00401936310005163671
00401936310005163688
00401936310005163695
00401936310005163701
00401936310005163718
00401936310005163725
00401936310005163725
00401936310005163732
00401936310005163756
00401936310005163763
00401936310005163770
00401936310005163787
00401936310005163794
00401936310005163800
